255 255 255 255 255 255 255 255 255 255 255 255 255 255 255 255
255 255 255 255 255 255 255 255 255 255 255 255 255 255 255 255
255 255 255 255 255 255 255 255 255 255 255 255 255 255 255 255
255 255 255 255 255 255 255 255 255 255 255 255 255 255 255 255
255 255 255 255 255 255 255 255 255 255 255 255 255 255 255 255
255 255 255 255 255 255 255 146 190 255 255 255 255 255 255 255
255 255 255 255 255 255 255   1   1 255 255 255 255 255 255 255
255 255 255 255 253   1   1   1   1   1   1 254 255 255 255 255
255 255 255 255 255 255   1   1   1   1 255 255 255 255 255 255
255 255 255 255 255 255   1   1   1   1 255 255 255 255 255 255
255 255 255 255 255 255   1  65  35   1 255 255 255 255 255 255
255 255 255 255 255 255 255 255 255 255 255 255 255 255 255 255
255 255 255 255 255 255 255 255 255 255 255 255 255 255 255 255
255 255 255 255 255 255 255 255 255 255 255 255 255 255 255 255
255 255 255 255 255 255 255 255 255 255 255 255 255 255 255 255
255 255 255 255 255 255 255 255 255 255 255 255 255 255 255 255
255 255 255 255 255 255 255 255 255 255 255 255 255 255 255 255
255 255 255 255 255 255 255 255 255 255 255 255 255 255 255 255
255 255 255 255 255 255 255 255 255 255 255 255 255 255 255 255
255 255 255 255 255 255 255 255 255 255 255 255 255 255 255 255
255 255 255 255 255 255 255 255 255 255 255 255 255 255 255 255
255 255 255 255 255 255 255 146 190 255 255 255 255 255 255 255
255 255 255 255 255 255 255   1   1 255 255 255 255 255 255 255
255 255 255 255 253   1   1   1   1   1   1 254 255 255 255 255
255 255 255 255 255 255   1   1   1   1 255 255 255 255 255 255
255 255 255 255 255 255   1   1   1   1 255 255 255 255 255 255
255 255 255 255 255 255   1  65  35   1 255 255 255 255 255 255
255 255 255 255 255 255 255 255 255 255 255 255 255 255 255 255
255 255 255 255 255 255 255 255 255 255 255 255 255 255 255 255
255 255 255 255 255 255 255 255 255 255 255 255 255 255 255 255
255 255 255 255 255 255 255 255 255 255 255 255 255 255 255 255
255 255 255 255 255 255 255 255 255 255 255 255 255 255 255 255
255 255 255 255 255 255 255 255 255 255 255 255 255 255 255 255
255 255 255 255 255 255 255 255 255 255 255 255 255 255 255 255
255 255 255 255 255 255 255 255 255 255 255 255 255 255 255 255
255 255 255 255 255 255 255 255 255 255 255 255 255 255 255 255
255 255 255 255 255 255 255 255 255 255 255 255 255 255 255 255
255 255 255 255 255 255 255 146 190 255 255 255 255 255 255 255
255 255 255 255 255 255 255   1   1 255 255 255 255 255 255 255
255 255 255 255 253   1   1   1   1   1   1 254 255 255 255 255
255 255 255 255 255 255   1   1   1   1 255 255 255 255 255 255
255 255 255 255 255 255   1   1   1   1 255 255 255 255 255 255
255 255 255 255 255 255   1  65  35   1 255 255 255 255 255 255
255 255 255 255 255 255 255 255 255 255 255 255 255 255 255 255
255 255 255 255 255 255 255 255 255 255 255 255 255 255 255 255
255 255 255 255 255 255 255 255 255 255 255 255 255 255 255 255
255 255 255 255 255 255 255 255 255 255 255 255 255 255 255 255
255 255 255 255 255 255 255 255 255 255 255 255 255 255 255 255

255 255 255 255 255 255 255 255 255 255 255 255 255 255 255 255
255 255 255 255 255 255 255 255 255 255 255 255 255 255 255 255
255 255 255 255 255 255 255 255 255 255 255 255 255 255 255 255
255 255 255 255 255 255 255 255 255 255 255 255 255 255 255 255
255 255 255 255 255 255 255 254 255 255 255 255 255 255 255 255
255 255 255 255 255 255 255   1 255 255 255 255 255 255 255 255
255 255 255 255 255 255 255   1   1   1   1 255 255 255 255 255
255 255 255 255 255 190   1   1   1   1  35 255 255 255 255 255
255 255 255 255 255 146   1   1   1   1  65 255 255 255 255 255
255 255 255 255 255 255 255   1   1   1   1 255 255 255 255 255
255 255 255 255 255 255 255   1 255 255 255 255 255 255 255 255
255 255 255 255 255 255 255 253 255 255 255 255 255 255 255 255
255 255 255 255 255 255 255 255 255 255 255 255 255 255 255 255
255 255 255 255 255 255 255 255 255 255 255 255 255 255 255 255
255 255 255 255 255 255 255 255 255 255 255 255 255 255 255 255
255 255 255 255 255 255 255 255 255 255 255 255 255 255 255 255
255 255 255 255 255 255 255 255 255 255 255 255 255 255 255 255
255 255 255 255 255 255 255 255 255 255 255 255 255 255 255 255
255 255 255 255 255 255 255 255 255 255 255 255 255 255 255 255
255 255 255 255 255 255 255 255 255 255 255 255 255 255 255 255
255 255 255 255 255 255 255 254 255 255 255 255 255 255 255 255
255 255 255 255 255 255 255   1 255 255 255 255 255 255 255 255
255 255 255 255 255 255 255   1   1   1   1 255 255 255 255 255
255 255 255 255 255 190   1   1   1   1  35 255 255 255 255 255
255 255 255 255 255 146   1   1   1   1  65 255 255 255 255 255
255 255 255 255 255 255 255   1   1   1   1 255 255 255 255 255
255 255 255 255 255 255 255   1 255 255 255 255 255 255 255 255
255 255 255 255 255 255 255 253 255 255 255 255 255 255 255 255
255 255 255 255 255 255 255 255 255 255 255 255 255 255 255 255
255 255 255 255 255 255 255 255 255 255 255 255 255 255 255 255
255 255 255 255 255 255 255 255 255 255 255 255 255 255 255 255
255 255 255 255 255 255 255 255 255 255 255 255 255 255 255 255
255 255 255 255 255 255 255 255 255 255 255 255 255 255 255 255
255 255 255 255 255 255 255 255 255 255 255 255 255 255 255 255
255 255 255 255 255 255 255 255 255 255 255 255 255 255 255 255
255 255 255 255 255 255 255 255 255 255 255 255 255 255 255 255
255 255 255 255 255 255 255 254 255 255 255 255 255 255 255 255
255 255 255 255 255 255 255   1 255 255 255 255 255 255 255 255
255 255 255 255 255 255 255   1   1   1   1 255 255 255 255 255
255 255 255 255 255 190   1   1   1   1  35 255 255 255 255 255
255 255 255 255 255 146   1   1   1   1  65 255 255 255 255 255
255 255 255 255 255 255 255   1   1   1   1 255 255 255 255 255
255 255 255 255 255 255 255   1 255 255 255 255 255 255 255 255
255 255 255 255 255 255 255 253 255 255 255 255 255 255 255 255
255 255 255 255 255 255 255 255 255 255 255 255 255 255 255 255
255 255 255 255 255 255 255 255 255 255 255 255 255 255 255 255
255 255 255 255 255 255 255 255 255 255 255 255 255 255 255 255
255 255 255 255 255 255 255 255 255 255 255 255 255 255 255 255

255 255 255 255 255 255 255 255 255 255 255 255 255 255 255 255
255 255 255 255 255 255 255 255 255 255 255 255 255 255 255 255
255 255 255 255 255 255 255 255 255 255 255 255 255 255 255 255
255 255 255 255 255 255 255 255 255 255 255 255 255 255 255 255
255 255 255 255 255 240 211 252 252 210 241 255 255 255 255 255
255 255 255 255 255 224  12 104  97  11 239 255 255 255 255 255
255 255 255 255 255 232  16   1   1  19 247 255 255 255 255 255
255 255 255 255 250 143  11   1   1  12 151 250 255 255 255 255
255 255 255 254 194  48  11   1   1  14  51 199 254 255 255 255
255 255 255 254 238 216 176  48  53 185 217 239 254 255 255 255
255 255 255 255 255 255 251 135 149 251 255 255 255 255 255 255
255 255 255 255 255 255 254 224 228 254 255 255 255 255 255 255
255 255 255 255 255 255 255 255 255 255 255 255 255 255 255 255
255 255 255 255 255 255 255 255 255 255 255 255 255 255 255 255
255 255 255 255 255 255 255 255 255 255 255 255 255 255 255 255
255 255 255 255 255 255 255 255 255 255 255 255 255 255 255 255
255 255 255 255 255 255 255 255 255 255 255 255 255 255 255 255
255 255 255 255 255 255 255 255 255 255 255 255 255 255 255 255
255 255 255 255 255 255 255 255 255 255 255 255 255 255 255 255
255 255 255 255 255 255 255 255 255 255 255 255 255 255 255 255
255 255 255 255 255 240 211 252 252 210 241 255 255 255 255 255
255 255 255 255 255 224  12 104  97  11 239 255 255 255 255 255
255 255 255 255 255 232  16   1   1  19 247 255 255 255 255 255
255 255 255 255 250 143  11   1   1  12 151 250 255 255 255 255
255 255 255 254 194  48  11   1   1  14  51 199 254 255 255 255
255 255 255 254 238 216 176  48  53 185 217 239 254 255 255 255
255 255 255 255 255 255 251 135 149 251 255 255 255 255 255 255
255 255 255 255 255 255 254 224 228 254 255 255 255 255 255 255
255 255 255 255 255 255 255 255 255 255 255 255 255 255 255 255
255 255 255 255 255 255 255 255 255 255 255 255 255 255 255 255
255 255 255 255 255 255 255 255 255 255 255 255 255 255 255 255
255 255 255 255 255 255 255 255 255 255 255 255 255 255 255 255
255 255 255 255 255 255 255 255 255 255 255 255 255 255 255 255
255 255 255 255 255 255 255 255 255 255 255 255 255 255 255 255
255 255 255 255 255 255 255 255 255 255 255 255 255 255 255 255
255 255 255 255 255 255 255 255 255 255 255 255 255 255 255 255
255 255 255 255 255 240 211 252 252 210 241 255 255 255 255 255
255 255 255 255 255 224  12 104  97  11 239 255 255 255 255 255
255 255 255 255 255 232  16   1   1  19 247 255 255 255 255 255
255 255 255 255 250 143  11   1   1  12 151 250 255 255 255 255
255 255 255 254 194  48  11   1   1  14  51 199 254 255 255 255
255 255 255 254 238 216 176  48  53 185 217 239 254 255 255 255
255 255 255 255 255 255 251 135 149 251 255 255 255 255 255 255
255 255 255 255 255 255 254 224 228 254 255 255 255 255 255 255
255 255 255 255 255 255 255 255 255 255 255 255 255 255 255 255
255 255 255 255 255 255 255 255 255 255 255 255 255 255 255 255
255 255 255 255 255 255 255 255 255 255 255 255 255 255 255 255
255 255 255 255 255 255 255 255 255 255 255 255 255 255 255 255

255 255 255 255 255 255 255 255 255 255 255 255 255 255 255 255
255 255 255 255 255 255 255 255 255 255 255 255 255 255 255 255
255 255 255 255 255 255 255 255 255 255 255 255 255 255 255 255
255 255 255 255 255 255 255 255 255 255 255 255 255 255 255 255
255 255 255 255 255 255 255 251 199 236 255 255 255 255 255 255
255 255 255 255 241 232 240 154  50 211 255 255 255 255 255 255
255 255 255 255 213  13  19  13  13 176 250 255 255 255 255 255
255 255 255 255 253 105   1   1   1  49 139 225 255 255 255 255
255 255 255 255 252 103   1   1   1  49 140 225 255 255 255 255
255 255 255 255 212  11  17  12  12 175 251 255 255 255 255 255
255 255 255 255 242 232 240 154  49 211 255 255 255 255 255 255
255 255 255 255 255 255 255 251 199 236 255 255 255 255 255 255
255 255 255 255 255 255 255 255 255 255 255 255 255 255 255 255
255 255 255 255 255 255 255 255 255 255 255 255 255 255 255 255
255 255 255 255 255 255 255 255 255 255 255 255 255 255 255 255
255 255 255 255 255 255 255 255 255 255 255 255 255 255 255 255
255 255 255 255 255 255 255 255 255 255 255 255 255 255 255 255
255 255 255 255 255 255 255 255 255 255 255 255 255 255 255 255
255 255 255 255 255 255 255 255 255 255 255 255 255 255 255 255
255 255 255 255 255 255 255 255 255 255 255 255 255 255 255 255
255 255 255 255 255 255 255 251 199 236 255 255 255 255 255 255
255 255 255 255 241 232 240 154  50 211 255 255 255 255 255 255
255 255 255 255 213  13  19  13  13 176 250 255 255 255 255 255
255 255 255 255 253 105   1   1   1  49 139 225 255 255 255 255
255 255 255 255 252 103   1   1   1  49 140 225 255 255 255 255
255 255 255 255 212  11  17  12  12 175 251 255 255 255 255 255
255 255 255 255 242 232 240 154  49 211 255 255 255 255 255 255
255 255 255 255 255 255 255 251 199 236 255 255 255 255 255 255
255 255 255 255 255 255 255 255 255 255 255 255 255 255 255 255
255 255 255 255 255 255 255 255 255 255 255 255 255 255 255 255
255 255 255 255 255 255 255 255 255 255 255 255 255 255 255 255
255 255 255 255 255 255 255 255 255 255 255 255 255 255 255 255
255 255 255 255 255 255 255 255 255 255 255 255 255 255 255 255
255 255 255 255 255 255 255 255 255 255 255 255 255 255 255 255
255 255 255 255 255 255 255 255 255 255 255 255 255 255 255 255
255 255 255 255 255 255 255 255 255 255 255 255 255 255 255 255
255 255 255 255 255 255 255 251 199 236 255 255 255 255 255 255
255 255 255 255 241 232 240 154  50 211 255 255 255 255 255 255
255 255 255 255 213  13  19  13  13 176 250 255 255 255 255 255
255 255 255 255 253 105   1   1   1  49 139 225 255 255 255 255
255 255 255 255 252 103   1   1   1  49 140 225 255 255 255 255
255 255 255 255 212  11  17  12  12 175 251 255 255 255 255 255
255 255 255 255 242 232 240 154  49 211 255 255 255 255 255 255
255 255 255 255 255 255 255 251 199 236 255 255 255 255 255 255
255 255 255 255 255 255 255 255 255 255 255 255 255 255 255 255
255 255 255 255 255 255 255 255 255 255 255 255 255 255 255 255
255 255 255 255 255 255 255 255 255 255 255 255 255 255 255 255
255 255 255 255 255 255 255 255 255 255 255 255 255 255 255 255
